15
59.92
37.86
81.56
1.00
90.99
81.60
36.40
28.60
57.08
70.94
86.06
29.83
79.08
5.72
57.61
11
61.40
25.37
20.88
4.19
76.49
79.49
19.26
35.94
43.12
81.61
19.51
14
29.34
0.97
37.67
13.00
7.71
62.78
38.13
45.51
70.16
9.36
76.97
46.56
80.97
29.03
7
82.09
41.34
12.80
57.18
31.50
10.05
2.33
5
28.57
28.82
33.71
64.24
18.61
1000
4227.6
6093.41
1607.34
3007.15
1730.6
4992.95
3904.33
3739.34
3218.92
9319.6
1323.2
6793.14
3226.98
8524.3
976.97
562.25
1904.31
9778.57
6673.9
3466.84
2181.84
4649.14
3591.98
3629.76
7301.39
7960.35
2081.92
6033.65
1615.75
8834.14
7095.72
4395.55
8470.82
1068.85
4709.95
9578.54
99.42
845.6
8010.59
9579.94
7923.94
9612.88
6417.99
3984.33
3741.33
245.85
6866.23
9097.22
1997.47
4187.25
6785.44
3581.58
4763.68
6960.76
2717.58
2152.92
2456.3
200.73
6736.7
307.56
897.58
9750.63
5809.56
6756.6
7769.5
6523.45
2925.43
2340.78
8099.8
676.42
3487.56
2847.89
4536.39
9865.5
1322.54
7303.43
8479.7
7836.53
2121.2
4726.1
8265.28
6315.94
6903.13
3020.86
6720.29
5417.53
3066.46
9149.9
5171.69
9394.4
6805.74
4801.84
7600.53
7127.22
7071.33
7267.3
2196.16
8760.98
961.9
4649.6
7731
2350.36
319.9
5558.87
4517.53
6787.9
3541
9788.24
1836.68
8136.82
8486.55
300.41
8120.27
2735.45
1839.37
8171.2
4376.51
7350.53
4928.24
2123.44
3714.79
6282.36
173.8
7529.1
9500.68
8397.77
853.29
9646.13
4657.51
8147.61
4360.68
2728.45
6161.54
5152.76
383.73
7411.98
7333.16
7317.82
7439.68
5491.8
7083.58
7376.8
3561.97
4020.41
568.22
9463.12
5515.57
9555.1
9368.8
1987.52
2533.82
506.99
3912.69
4496.2
6411.81
8857.81
5097.2
6996.23
3085.65
8565.65
3228.16
6807.61
3285.43
3730.67
88.94
2499.61
5243.79
6387.3
1762.16
6250.19
4886.35
8298.2
4096.28
1342.71
4400.71
4614.76
7266.1
4024.46
1928.21
8814.84
2168.68
719.7
821.92
7816.24
9577.32
4565.34
2905.1
325.39
4562.3
3803.12
1979.9
6041.14
3464.27
4363.77
5035.9
9595.45
4177.12
8071.48
9988.42
4683.77
1026.83
5659.95
6742.26
2312.58
8501.81
8905.17
7544.69
9643.47
520.46
1960.39
8343.17
8922.5
4242.25
6638.78
7959.89
2004.34
7010.65
7488.58
7492.66
7498.91
1591.39
3175.35
1432.63
3739.14
5009.98
3475.69
6946.31
3800.79
304.21
3892.86
8938.3
3222.41
6624.91
190.2
7247.12
9108.41
8734.49
882.89
5196.2
5612.5
5274.38
2478.6
6969.63
8198.67
5074.58
3007.62
1780.55
7813.84
805.86
4239.1
4787.78
1795.65
2854.37
1325.41
9292.76
7529.94
5637.6
7731.84
37.48
5627.6
4633.38
9852.87
5178.84
8109.57
8747.16
7174.86
1089.51
7306.8
8200.49
2576.82
1402.11
8187.57
2136.72
3920.72
566.93
3412.22
5012.1
8600.72
2720.1
9355.1
4180.9
7195.67
1519.83
8197.28
6424.97
4402.48
6687.35
2889.41
2981.2
5355.44
6765.74
877.38
6137.58
4341.86
6685.31
9924.74
7292.34
4960.11
1578.49
7316.94
1215.69
5447.33
7311.75
3822.23
6626.14
5014.37
3980.66
8134.8
5516.1
5338.87
45.95
1299.35
5824.65
7268.85
9342.94
3901.6
1722.91
7731.9
3510.57
3797.1
2020.2
4980.5
5621.1
8611.69
9209.81
1590.49
4916.26
6046.77
8847.15
8964.28
9909.33
6584.8
60.36
5851.83
4128.62
8925.9
7672.26
1080.61
6753.77
3762.94
1318.74
2645.1
50.66
7763.69
2494.34
2204.76
8571.69
6974.14
6312.63
7268.32
3708.41
8132.81
4478.34
7948.14
2206.4
1682.92
7360.64
5000.69
3541.64
7304.82
7862.37
3808.6
7413.78
5651.48
5778.25
9185.98
2682.39
1777.68
7101.61
9136.59
4948.1
6411.92
8612.38
1748.46
7442.33
6627.49
7901.44
620.4
5610.43
9567.84
2031.81
451.74
5401.24
1048.74
5027.2
3716.85
9452.9
1243.82
4340.69
7215.4
7115.11
2979.46
3601.71
8276.9
7440.84
4939.12
9998.75
4656.69
703.44
7027.78
2090.86
3357.98
4094.75
8968.32
7531.9
4511.98
8600.74
6837.88
8693.2
8641.85
5593.76
6380.27
6183.71
3795.7
7697.7
837.19
2605.61
2901.13
6257.85
4515
6608.18
9048.62
5729.39
8873.54
2322.55
4186.92
5176.67
6661.13
3567.57
4337.1
5159.42
3928.93
9271.6
4503.84
2313.28
7300.12
9195.28
8317.64
783.76
5927.77
5479.72
1010.87
6008.25
1901.51
8002.1
5734.84
7948.56
827.71
2726.67
6275.1
486.96
5925.59
6283.86
287.4
6819.65
9265.7
8779.33
7356.73
5422.42
2939.6
4158.58
665.12
9374.82
1074.95
3873.73
1749.86
4268.1
2552.22
2635.6
6855.81
9461.46
933.23
7736.84
1518.48
8400.32
2229.36
9207.28
8306.24
9949.17
7307.71
490.63
9576.44
2774.41
871.18
2924.99
6968.84
2247.13
1061.61
9916.32
1015.41
5571.23
5636.42
8475.83
4016.98
2879.82
2218.69
9624.95
2016.66
6351.5
2362.26
6670
1575.47
1945.13
7873.1
6138.66
813.62
7536.37
2398.42
9995.52
3374.91
345.86
2617.16
4313.33
8366.69
124.58
6891.46
6715.59
1167.15
8988.69
8478.38
4899.39
2295.8
6878.44
2391.53
3783.76
9158.62
5786.75
9331.5
2640.31
8096.58
4917.87
7902.58
8573.68
3374.21
9025.51
1824.15
6873.36
5376.25
5122.4
7311.32
492.13
9311.54
7975.93
1249.5
655.83
3032.57
5326.78
629.36
552.63
5376.65
1638.78
8705.76
8620.68
4524.82
4161.79
6895.31
8599.79
2715.64
8916.17
573.5
9386.84
9957.97
5417.55
8802.68
2367.47
9357.29
47.16
316.58
3374.7
6307.69
4709.75
3243.9
5402.31
9054.96
2170.5
4351.72
7077.1
8337.98
933.4
3332.46
6159.16
911.28
6559.37
7315.39
1998.79
2086.99
7242.79
9331.2
7510.88
2514.74
6584.93
2984.88
4302.18
9566.56
4791.16
7710.89
3519.81
5999.26
653.28
1846.87
4269.36
6073.85
2415.82
4544.2
9777.99
3061.83
2493.4
6035.66
5292.82
5972.95
2923.26
9719.62
3853.84
8201.86
6737.1
5090.58
6796.99
6353.4
2543.39
3703.3
2137.23
2224.84
8037.17
6899.9
418.53
3214.42
8754.72
857.62
3677.63
9144.12
3675.87
3472.64
2241.51
6776.94
448.42
3189.63
351.33
7745.26
6121.26
2805.35
5431.1
7692.53
6546.73
7306.4
2833.93
6741.21
456.6
4001.27
1743.81
7294.9
9276.76
8350.31
1293.12
9145.75
6582.8
9238.33
9275.22
5880.32
1475.64
8070.86
1721.41
1233.88
717.5
9439.59
8694.59
1254.7
9938.6
2306.83
2661.44
4614.67
7944.82
3255.19
6411.1
6800.46
2891.11
8871.16
3147.8
6590.86
1352.2
4086.54
4333.24
1013.49
8676.59
7160.39
9166.7
5530.36
3458.69
1531.5
2540.82
582.99
558.79
6722.85
5107.28
5231.5
3086.15
7183.8
9423.48
4945.29
7824.19
5020.73
8708.11
7938.67
2490.94
521.69
9595.79
1036.9
2299.42
3545.31
5690.2
9141.6
5524.77
7130.56
502.79
8354.38
1786.85
7159.4
80.54
2518.39
5428.31
763.66
9566.8
4225.6
8703.18
2155.61
6981.32
8412.48
4176.84
8917.69
9461.37
509.29
6565.51
7585.9
521.97
2861.16
7775.16
6521.63
9648.33
867.3
4907.56
9245.44
5260.37
8617.14
2498.8
5282.53
8968.92
9668.64
1383.58
1861.22
2681.68
252.34
3930.23
7668.57
7355.86
6939.59
8526.48
8623.32
1184.69
3789.77
6446.58
2804.9
5312.68
2861.71
2640.84
1239.29
7834.95
386.54
7471.47
6307.61
565.99
7524.23
400.77
9931.39
3322.88
7904.62
9846.87
8195.9
4304.52
7349.38
3787.95
41.42
8249
3326.15
9773.22
7918.36
9974.1
5397.3
1084.31
7480.6
9792.35
3404.69
4070.72
6963.67
1839.14
9555.88
5092.48
1906.99
9552.1
6446.95
1331.88
8400.45
1150.4
2538.97
1247.53
9894.51
6895.8
2684.54
6892.49
8475.47
2707.12
3828.62
4851.96
5133.12
9250.64
3205.63
957.26
9144.57
1105.69
4050.14
4520.53
5852.14
621.9
8575.76
488.91
1377.89
3075.53
7387.66
2475.22
4522.38
6161.13
3370.82
8942.33
729.64
1905.8
7061.92
9467.4
3598.25
6501.31
6223.97
750.44
5492.2
86.66
608.61
9001.63
3762.54
8025.85
3216.8
3001.28
5043.34
9164.18
5638.7
5706.87
2052.39
1121.4
9062.51
5288.45
1101.51
6036.79
7769.9
8376.67
1372.54
964.9
8454.25
612.64
2555.41
9766.9
9448.52
1667.78
1321.48
5907.38
9418.67
1175.15
7237
7032.6
7753.32
903.32
2735.13
7481.74
2058.64
8216.45
5318.44
2036.6
6625.3
1492.43
466.82
7399.66
8966.43
514.18
2439.36
9546.48
9462.82
1065.1
8837.11
9013.96
4307.3
3339.55
9149.55
7476.58
8677.37
1031.86
4601.39
2124.55
8702.71
6508.67
564.1
1251.92
7858.1
9558.34
7997.37
4518.97
9213.42
8915.17
6668.69
6094.19
9358.17
4009.67
7796.35
742.19
5058.87
3097.15
1750.3
3667.58
807.85
994.7
4943.13
7873.16
4082.61
1875.39
8662.6
3748.12
3287.5
7334.87
3004.77
87.73
2807.1
250.12
8619.1
7564.65
3563.81
4014.49
3974.1
4286.66
9768.83
4139.96
1689.89
9313.1
3067.68
1959.3
4730.71
5089.23
3794.58
3976.62
3090.62
3713.52
9459.7
4763.77
4445.93
8638.47
9836.65
1341.58
7151.92
8602.3
1727.78
5334.57
1295.25
7690.2
9079.7
8855.46
7200.63
1431.35
7305.8
8023.31
6111.41
1446.83
4627.24
8182.52
44.91
2234.82
9084.72
1032.95
8990.18
3142.38
450.24
9440.85
7555.5
37.96
8767.14
4710.72
9133.11
8610.88
3301.9
4018.2
2943.25
1814.1
7272.33
3354.42
1271.21
8299.15
8242.16
2058.33
8268.64
0
